  1 AGRL  4  Agricultural Land-Generic                                            
   33.50    0.45    3.00    0.15    0.05    0.50    0.95    0.64    1.00    2.00  
   30.00   11.00  0.0199  0.0032  0.0440  0.0164  0.0128  0.0060  0.0022  0.0018  
   0.250   0.200   0.005   4.000   0.750   8.500 660.000   36.00   0.050          
  2 AGRR  4  Agricultural Land-Row Crops                                          
   39.00    0.50    3.00    0.15    0.05    0.50    0.95    0.70    2.50    2.00  
   25.00    8.00  0.0140  0.0016  0.0470  0.0177  0.0138  0.0048  0.0018  0.0014  
   0.300   0.200  0.0071   4.000   0.750   7.200 660.000   45.00   0.050          
  3 AGRC  5  Agricultural Land-Close-grown Crops                                  
   30.00    0.40    4.00    0.05    0.05    0.45    0.95    0.50    0.90    1.30  
   18.00    0.00  0.0250  0.0022  0.0663  0.0255  0.0148  0.0053  0.0020  0.0012  
   0.200   0.030  0.0056   4.000   0.750   6.000 660.000   39.00   0.050          
  4 ORCD  7  Orchard                                                              
   15.00    0.10    4.00    0.10    0.15    0.50    0.75    0.99    3.50    2.00  
   20.00    7.00  0.0019  0.0004  0.0060  0.0020  0.0015  0.0007  0.0004  0.0003  
    0.05   0.001  0.0071   4.000   0.750   3.000 660.000   20.00   0.050          
  5  HAY  6  Hay                                                                  
   35.00    0.90    4.00    0.05    0.05    0.49    0.95    0.99    0.50    2.00  
   25.00   12.00  0.0234  0.0033  0.0600  0.0231  0.0134  0.0084  0.0032  0.0019  
    0.90   0.003  0.0055   4.000   0.750  10.000 660.000   36.00   0.050          
  6 FRST  7  Forest-Mixed                                                         
   15.00    0.76    5.00    0.05    0.05    0.40    0.95    0.99    6.00    3.50  
   30.00   10.00  0.0015  0.0003  0.0060  0.0020  0.0015  0.0007  0.0004  0.0003  
    0.01   0.001  0.0020   4.000   0.750   8.000 660.000   16.00   0.050          
  7 FRSD  7  Forest-Deciduous                                                     
   15.00    0.76    5.00    0.05    0.05    0.40    0.95    0.99    6.00    3.50  
   30.00   10.00  0.0015  0.0003  0.0060  0.0020  0.0015  0.0007  0.0004  0.0003  
    0.01   0.001  0.0020   4.000   0.750   8.000 660.000   16.00   0.050          
  8 FRSE  7  Forest-Evergreen                                                     
   15.00    0.76    5.00    0.15    0.70    0.25    0.99    0.99   10.00    3.50  
   30.00    0.00  0.0015  0.0003  0.0060  0.0020  0.0015  0.0007  0.0004  0.0003  
   0.600   0.001  0.0019   4.000   0.750   8.000 660.000   16.00   0.050          
  9 WETL  6  Wetlands-Mixed                                                       
   47.00    0.90    6.00    0.10    0.20    0.20    0.95    0.70    2.50    2.20  
   25.00   12.00  0.0160  0.0022  0.0350  0.0150  0.0038  0.0014  0.0010  0.0007  
    0.90   0.003  0.0055   4.000   0.750   8.500 660.000   54.00   0.050          
 10 WETF  7  Wetlands-Forested                                                    
   15.00    0.76    5.00    0.05    0.05    0.40    0.95    0.99    6.00    3.50  
   30.00   10.00  0.0015  0.0003  0.0060  0.0020  0.0015  0.0007  0.0004  0.0003  
    0.01   0.001  0.0020   4.000   0.750   8.000 660.000   16.00   0.050          
 11 WETN  6  Wetlands-Non-Forested                                                
   47.00    0.90    6.00    0.10    0.20    0.20    0.95    0.70    2.50    2.20  
   25.00   12.00  0.0160  0.0022  0.0350  0.0150  0.0038  0.0014  0.0010  0.0007  
    0.90   0.003  0.0055   4.000   0.750   8.500 660.000   54.00   0.050          
 12 PAST  6  Pasture                                                              
   35.00    0.90    4.00    0.05    0.05    0.49    0.95    0.99    0.50    2.00  
   25.00   12.00  0.0234  0.0033  0.0600  0.0231  0.0134  0.0084  0.0032  0.0019  
    0.90   0.003  0.0055   4.000   0.750  10.000 660.000   36.00   0.050          
 13 SPAS  6  Summer Pasture                                                       
   35.00    0.90    4.00    0.05    0.05    0.49    0.95    0.99    0.50    2.00  
   25.00   12.00  0.0234  0.0033  0.0600  0.0231  0.0134  0.0084  0.0032  0.0019  
    0.90   0.003  0.0055   4.000   0.750  10.000 660.000   36.00   0.050          
 14 WPAS  6  Winter Pasture                                                       
   30.00    0.90    4.00    0.15    0.01    0.50    0.95    0.80    1.50    2.00  
   15.00    0.00  0.0234  0.0033  0.0560  0.0210  0.0120  0.0099  0.0022  0.0019  
    0.90   0.003  0.0055   4.000   0.750   8.000 660.000   39.00   0.050          
 15 RNGE  6  Range-Grasses                                                        
   34.00    0.90    2.50    0.05    0.10    0.25    0.70    0.35    1.00    2.00  
   25.00   12.00  0.0160  0.0022  0.0200  0.0120  0.0050  0.0014  0.0010  0.0007  
    0.90   0.003  0.0055   4.000   0.750  10.000 660.000   39.00   0.050          
 16 RNGB  6  Range-Brush                                                          
   34.00    0.90    2.00    0.05    0.10    0.25    0.70    0.35    1.00    2.00  
   25.00   12.00  0.0160  0.0022  0.0200  0.0120  0.0050  0.0014  0.0010  0.0007  
    0.90   0.003  0.0055   4.000   0.750  10.000 660.000   39.00   0.050          
 17 SWRN  6  Southwestern US (Arid) Range                                         
   34.00    0.90    1.50    0.05    0.10    0.25    0.70    0.35    1.00    2.00  
   25.00   12.00  0.0160  0.0022  0.0200  0.0120  0.0050  0.0014  0.0010  0.0007  
    0.90   0.003  0.0055   4.000   0.750  10.000 660.000   39.00   0.050          
 18 WATR  6  Water                                                                
    0.0    0.0     0.0      0.0      0.0    0.0     0.0     0.0     0.0     0.0   
    0.0    0.0     0.0      0.0      0.0    0.0     0.0     0.0     0.0     0.0   
    0.0    0.0     0.0      0.0      0.0    0.0     0.0     0.0     0.0     0.0   
 19 CORN  4  Corn                                                                 
   39.00    0.50    3.00    0.15    0.05    0.50    0.95    0.70    2.50    2.00  
   25.00    8.00  0.0140  0.0016  0.0470  0.0177  0.0138  0.0048  0.0018  0.0014  
   0.300   0.200  0.0071   4.000   0.750   7.200 660.000   45.00   0.050          
 20 CSIL  4  Corn Silage                                                          
   39.00    0.90    4.00    0.15    0.05    0.50    0.95    0.70    2.50    2.00  
   25.00    8.00  0.0140  0.0016  0.0470  0.0177  0.0138  0.0048  0.0018  0.0014  
   0.900   0.200  0.0071   4.000   0.750   7.200 660.000   45.00   0.050          
 21 SCRN  4  Sweet Corn                                                           
   39.00    0.50    2.50    0.15    0.05    0.50    0.95    0.50    2.50    2.00  
   24.00   12.00  0.0214  0.0037  0.0470  0.0177  0.0138  0.0048  0.0018  0.0014  
   0.300   0.200  0.0071   4.000   0.750   7.200 660.000   45.00   0.050          
 22 EGAM  6  Eastern Gamagrass                                                    
   21.00    0.90    2.50    0.05    0.18    0.25    0.90    0.40    1.70    2.00  
   25.00   12.00  0.0160  0.0022  0.0200  0.0100  0.0070  0.0014  0.0010  0.0007  
    0.90   0.003  0.0055   4.000   0.750  10.000 660.000   58.00   0.050          
 23 GRSG  4  Grain Sorghum                                                        
   33.50    0.45    3.00    0.15    0.05    0.50    0.95    0.64    1.00    2.00  
   30.00   11.00  0.0199  0.0032  0.0440  0.0164  0.0128  0.0060  0.0022  0.0018  
   0.250   0.200   0.005   4.000   0.750   8.500 660.000   36.00   0.050          
 24 SGHY  4  Sorghum Hay                                                          
   33.50    0.90    4.00    0.15    0.05    0.50    0.95    0.64    1.50    2.00  
   30.00   11.00  0.0199  0.0032  0.0440  0.0164  0.0128  0.0060  0.0022  0.0018  
    0.90   0.200   0.005   4.000   0.750   8.500 660.000   36.00   0.050          
 25 JHGR  6  Johnsongrass                                                         
   35.00    0.90    2.50    0.15    0.05    0.57    0.95    0.50    1.00    2.00  
   30.00   11.00  0.0200  0.0028  0.0440  0.0164  0.0128  0.0060  0.0022  0.0018  
    0.90   0.200  0.0048   4.000   0.750   8.500 660.000   36.00   0.050          
 26 SUGC  6  Sugarcane                                                            
   25.00    0.50    6.00    0.15    0.01    0.50    0.95    0.75    3.00    2.00  
   25.00   11.00  0.0000  0.0000  0.0100  0.0040  0.0025  0.0075  0.0030  0.0019  
   0.010   0.001  0.0055   4.000   0.750  10.000 660.000   33.00   0.050          
 27 SWHT  5  Spring Wheat                                                         
   35.00    0.42    4.00    0.15    0.05    0.50    0.95    0.60    0.90    2.00  
   18.00    0.00  0.0234  0.0033  0.0600  0.0231  0.0134  0.0084  0.0032  0.0019  
   0.200   0.030  0.0056   4.000   0.750   8.000 660.000   46.00   0.050          
 28 WWHT  5  Winter Wheat                                                         
   30.00    0.40    4.00    0.05    0.05    0.45    0.95    0.50    0.90    1.30  
   18.00    0.00  0.0250  0.0022  0.0663  0.0255  0.0148  0.0053  0.0020  0.0012  
   0.200   0.030  0.0056   4.000   0.750   6.000 660.000   39.00   0.050          
 29 DWHT  5  Durum Wheat                                                          
   30.00    0.40    4.00    0.15    0.01    0.50    0.95    0.80    1.00    2.00  
   15.00    0.00  0.0263  0.0057  0.0600  0.0231  0.0130  0.0084  0.0032  0.0019  
   0.200   0.030  0.0056   4.000   0.750   7.000 660.000   45.00   0.050          
 30  RYE  5  Rye                                                                  
   35.00    0.40    4.00    0.15    0.01    0.50    0.95    0.80    1.00    1.80  
   12.50    0.00  0.0284  0.0042  0.0600  0.0231  0.0134  0.0084  0.0032  0.0019  
   0.200   0.030  0.0100   4.000   0.750   7.000 660.000   45.00   0.050          
 31 BARL  5  Spring Barley                                                        
   35.00    0.54    4.00    0.15    0.01    0.45    0.95    0.60    1.20    1.30  
   25.00    0.00  0.0210  0.0017  0.0590  0.0226  0.0131  0.0057  0.0022  0.0013  
   0.200   0.010  0.0083   4.000   0.750   7.000 660.000   45.00   0.050          
 32 OATS  5  Oats                                                                 
   35.00    0.42    4.00    0.15    0.02    0.50    0.95    0.80    1.50    2.00  
   15.00    0.00  0.0316  0.0057  0.0600  0.0231  0.0134  0.0084  0.0032  0.0019  
   0.175   0.030  0.0055   4.000   0.750  10.000 660.000   45.00   0.050          
 33 RICE  4  Rice                                                                 
   22.00    0.50    5.00    0.30    0.01    0.70    0.95    0.80    0.80    0.90  
   25.00   10.00  0.0136  0.0013  0.0500  0.0200  0.0100  0.0060  0.0030  0.0018  
   0.250   0.030  0.0078   4.000   0.750   5.000 660.000   31.00   0.050          
 34 PMIL  4  Pearl Millet                                                         
   35.00    0.25    2.50    0.15    0.01    0.50    0.95    0.85    3.00    2.00  
   30.00   10.00  0.0200  0.0028  0.0440  0.0300  0.0100  0.0060  0.0022  0.0012  
    0.10    0.20  0.0143   4.000   0.750   8.000 660.000   40.00   0.050          
 35 TIMO  6  Timothy                                                              
   35.00    0.90    4.00    0.15    0.01    0.50    0.95    0.85    0.80    2.00  
   25.00    8.00  0.0234  0.0033  0.0314  0.0137  0.0103  0.0038  0.0025  0.0019  
    0.90   0.003  0.0055   4.000   0.750   8.000 660.000   45.00   0.050          
 36 BROS  6  Smooth Bromegrass                                                    
   35.00    0.90    5.00    0.15    0.01    0.50    0.95    0.85    1.20    2.00  
   25.00    8.00  0.0234  0.0033  0.0400  0.0240  0.0160  0.0028  0.0017  0.0011  
    0.90   0.003  0.0025   4.000   0.750   8.000 660.000   45.00   0.050          
 37 BROM  6  Meadow Bromegrass                                                    
   35.00    0.90    3.00    0.45    0.02    0.80    0.95    0.85    0.80    1.30  
   25.00    6.00  0.0234  0.0033  0.0400  0.0240  0.0160  0.0028  0.0017  0.0011  
    0.90   0.003  0.0055   4.000   0.750   8.000 660.000   45.00   0.050          
 38 FESC  6  Tall Fescue                                                          
   30.00    0.90    4.00    0.15    0.01    0.50    0.95    0.80    1.50    2.00  
   15.00    0.00  0.0234  0.0033  0.0560  0.0210  0.0120  0.0099  0.0022  0.0019  
    0.90   0.003  0.0055   4.000   0.750   8.000 660.000   39.00   0.050          
 39 BLUG  6  Kentucky Bluegrass                                                   
   18.00    0.90    2.00    0.05    0.05    0.30    0.70    0.35    0.20    1.40  
   25.00   12.00  0.0160  0.0022  0.0200  0.0100  0.0060  0.0014  0.0010  0.0007  
    0.90   0.003  0.0055   4.000   0.750  10.000 660.000   31.00   0.050          
 40 BERM  6  Bermudagrass                                                         
   35.00    0.90    4.00    0.05    0.05    0.49    0.95    0.99    0.50    2.00  
   25.00   12.00  0.0234  0.0033  0.0600  0.0231  0.0134  0.0084  0.0032  0.0019  
    0.90   0.003  0.0055   4.000   0.750  10.000 660.000   36.00   0.050          
 41 CWGR  6  Crested Wheatgrass                                                   
   35.00    0.90    4.00    0.35    0.02    0.62    0.95    0.85    0.90    1.30  
   25.00    6.00  0.0500  0.0040  0.0300  0.0200  0.0120  0.0020  0.0015  0.0013  
    0.90   0.003  0.0055   4.000   0.750   8.000 660.000   38.00   0.050          
 42 WWGR  6  Western Wheatgrass                                                   
   35.00    0.90    4.00    0.50    0.02    0.89    0.95    0.85    0.60    1.30  
   25.00    6.00  0.0500  0.0040  0.0300  0.0200  0.0120  0.0020  0.0015  0.0013  
    0.90   0.003  0.0083   4.000   0.750   8.000 660.000   45.00   0.050          
 43 SWGR  6  Slender Wheatgrass                                                   
   35.00    0.90    4.00    0.15    0.01    0.50    0.95    0.85    0.70    2.00  
   25.00    8.00  0.0500  0.0040  0.0300  0.0200  0.0120  0.0020  0.0015  0.0013  
    0.90   0.003  0.0055   4.000   0.750   8.000 660.000   45.00   0.050          
 44 RYEG  5  Italian (Annual) Ryegrass                                            
   30.00    0.90    4.00    0.20    0.32    0.45    0.95    0.50    0.80    1.30  
   18.00    0.00  0.0220  0.0028  0.0660  0.0254  0.0147  0.0105  0.0040  0.0024  
    0.90    0.03  0.0055   4.000   0.750   6.000 660.000   39.00   0.050          
 45 RYER  6  Russian Wildrye                                                      
   30.00    0.90    3.00    0.35    0.02    0.62    0.95    0.80    1.00    1.30  
   15.00    0.00  0.0230  0.0037  0.0226  0.0180  0.0140  0.0040  0.0040  0.0024  
    0.90    0.03  0.0065   4.000   0.750   8.000 660.000   39.00   0.050          
 46 RYEA  6  Altai Wildrye                                                        
   30.00    0.90    3.00    0.35    0.02    0.62    0.95    0.80    1.10    1.30  
   15.00    0.00  0.0230  0.0037  0.0226  0.0180  0.0140  0.0040  0.0040  0.0024  
    0.90    0.03  0.0055   4.000   0.750   8.000 660.000   46.00   0.050          
 47 SIDE  6  Sideoats Grama                                                       
   11.00    0.90    1.70    0.05    0.05    0.30    0.70    0.35    0.40    1.40  
   25.00   12.00  0.0160  0.0022  0.0200  0.0100  0.0060  0.0014  0.0010  0.0007  
    0.90   0.003  0.0055   4.000   0.750  10.000 660.000   21.00   0.050          
 48 BBLS  6  Big Bluestem                                                         
   14.00    0.90    3.00    0.05    0.10    0.25    0.70    0.35    1.00    2.00  
   25.00   12.00  0.0160  0.0022  0.0200  0.0120  0.0050  0.0014  0.0010  0.0007  
    0.90   0.003  0.0055   4.000   0.750  10.000 660.000   39.00   0.050          
 49 LBLS  6  Little Bluestem                                                      
   34.00    0.90    2.50    0.05    0.10    0.25    0.70    0.35    1.00    2.00  
   25.00   12.00  0.0160  0.0022  0.0200  0.0120  0.0050  0.0014  0.0010  0.0007  
    0.90   0.003  0.0055   4.000   0.750  10.000 660.000   39.00   0.050          
 50 SWCH  6  Alamo Switchgrass                                                    
   47.00    0.90    6.00    0.10    0.20    0.20    0.95    0.70    2.50    2.20  
   25.00   12.00  0.0160  0.0022  0.0350  0.0150  0.0038  0.0014  0.0010  0.0007  
    0.90   0.003  0.0055   4.000   0.750   8.500 660.000   54.00   0.050          
 51 INDN  6  Indiangrass                                                          
   34.00    0.90    3.00    0.05    0.10    0.25    0.70    0.35    1.00    2.00  
   25.00   12.00  0.0160  0.0022  0.0200  0.0120  0.0050  0.0014  0.0010  0.0007  
    0.9    0.003  0.0055   4.000   0.750  10.000 660.000   39.00   0.050          
 52 ALFA  3  Alfalfa                                                              
   20.00    0.90    4.00    0.15    0.01    0.50    0.95    0.90    0.90    3.00  
   20.00    4.00  0.0250  0.0035  0.0417  0.0290  0.0200  0.0035  0.0028  0.0020  
    0.90   0.010   0.010   4.000   0.750  10.000 660.000   35.00   0.050          
 53 CLVS  3  Sweetclover                                                          
   25.00    0.90    4.00    0.15    0.01    0.50    0.95    0.75    1.50    2.40  
   15.00    1.00  0.0650  0.0040  0.0650  0.0280  0.0243  0.0060  0.0024  0.0024  
    0.90   0.003  0.0055   4.000   0.750  10.000 660.000   30.00   0.050          
 54 CLVR  2  Red Clover                                                           
   25.00    0.90    4.00    0.15    0.01    0.50    0.95    0.75    0.75    1.50  
   15.00    1.00  0.0650  0.0040  0.0650  0.0280  0.0243  0.0060  0.0024  0.0024  
    0.90   0.003  0.0065   4.000   0.750  10.000 660.000   30.00   0.050          
 55 CLVA  3  Alsike Clover                                                        
   25.00    0.90    4.00    0.15    0.01    0.50    0.95    0.75    0.90    2.00  
   15.00    1.00  0.0600  0.0040  0.0600  0.0280  0.0240  0.0060  0.0025  0.0025  
    0.90   0.003  0.0055   4.000   0.750  10.000 660.000   30.00   0.050          
 56 SOYB  1  Soybean                                                              
   25.00    0.31    3.00    0.15    0.05    0.50    0.95    0.60    0.80    1.70  
   25.00   10.00  0.0650  0.0091  0.0524  0.0265  0.0258  0.0074  0.0037  0.0035  
   0.010   0.200  0.0071   4.000   0.750   8.000 660.000   34.00   0.050          
 57 CWPS  1  Cowpeas                                                              
   35.00    0.42    4.00    0.15    0.01    0.50    0.95    0.80    1.20    2.00  
   28.00   14.00  0.0427  0.0048  0.0600  0.0231  0.0134  0.0049  0.0019  0.0011  
    0.05    0.03  0.0055   4.000   0.750   8.000 660.000   39.00   0.050          
 58 MUNG  1  Mung Beans                                                           
   25.00    0.31    4.00    0.15    0.01    0.50    0.95    0.90    1.50    2.00  
   30.00   15.00  0.0420  0.0040  0.0524  0.0265  0.0258  0.0074  0.0037  0.0035  
    0.01    0.20  0.0055   4.000   0.750  10.000 660.000   33.00   0.050          
 59 LIMA  1  Lima Beans                                                           
   25.00    0.30    2.50    0.10    0.05    0.80    0.95    0.90    0.60    2.00  
   26.00   18.00  0.0368  0.0046  0.0040  0.0030  0.0015  0.0035  0.0030  0.0015  
   0.220   0.200  0.0055   4.000   0.750   5.000 660.000   34.00   0.050          
 60 LENT  1  Lentils                                                              
   20.00    0.61    4.00    0.15    0.02    0.50    0.95    0.90    0.55    1.20  
   20.00    3.00  0.0506  0.0051  0.0440  0.0164  0.0128  0.0074  0.0037  0.0023  
   0.010   0.200  0.0055   4.000   0.750  10.000 660.000   33.00   0.050          
 61 PNUT  1  Peanut                                                               
   20.00    0.40    4.00    0.15    0.01    0.50    0.95    0.75    0.50    2.00  
   27.00   14.00  0.0505  0.0040  0.0524  0.0265  0.0258  0.0074  0.0037  0.0035  
   0.300   0.200  0.0063   4.000   0.750   4.000 660.000   25.00   0.050          
 62 FPEA  2  Field Peas                                                           
   25.00    0.45    4.00    0.15    0.01    0.50    0.95    0.75    1.20    1.20  
   15.00    1.00  0.0370  0.0021  0.0515  0.0335  0.0296  0.0033  0.0019  0.0014  
    0.10    0.01  0.0055   4.000   0.750  10.000 660.000   30.00   0.050          
 63 PEAS  2  Garden or Canning Peas                                               
   25.00    0.30    2.50    0.10    0.05    0.80    0.95    0.60    0.60    1.20  
   14.00    5.00  0.0410  0.0051  0.0040  0.0030  0.0015  0.0030  0.0020  0.0015  
   0.220   0.200  0.0055   4.000   0.750   5.000 660.000   34.00   0.050          
 64 SESB  1  Sesbania                                                             
   50.00    0.31    5.00    0.15    0.01    0.50    0.95    0.90    2.00    2.00  
   25.00   10.00  0.0650  0.0091  0.0500  0.0200  0.0150  0.0074  0.0037  0.0035  
    0.01    0.20  0.0055   4.000   0.750  10.000 660.000   60.00   0.050          
 65 FLAX  5  Flax                                                                 
   25.00    0.54    2.50    0.15    0.02    0.50    0.95    0.90    1.20    1.50  
   22.50    5.00  0.0400  0.0033  0.0482  0.0294  0.0263  0.0049  0.0024  0.0023  
    0.40    0.20  0.0055   4.000   0.750  10.000 660.000   33.00   0.050          
 66 COTS  4  Upland Cotton-harvested with stripper                                
   15.00    0.50    4.00    0.15    0.01    0.50    0.95    0.95    1.00    2.50  
   30.00   15.00  0.0140  0.0020  0.0580  0.0192  0.0177  0.0081  0.0027  0.0025  
   0.400   0.200  0.0091   4.000   0.750   3.000 660.000   19.00   0.050          
 67 COTP  4  Upland Cotton-harvested with picker                                  
   15.00    0.40    4.00    0.15    0.01    0.50    0.95    0.95    1.00    2.50  
   30.00   15.00  0.0190  0.0029  0.0580  0.0192  0.0177  0.0081  0.0027  0.0025  
   0.300   0.200  0.0091   4.000   0.750   3.000 660.000   19.00   0.050          
 68 TOBC  4  Tobacco                                                              
   39.00    0.55    4.50    0.15    0.05    0.50    0.95    0.70    1.80    2.00  
   25.00   10.00  0.0140  0.0016  0.0470  0.0177  0.0138  0.0048  0.0018  0.0014  
   0.550   0.200  0.0048   4.000   0.750   8.000 660.000   44.00   0.050          
 69 SGBT  4  Sugarbeet                                                            
   30.00    2.00    5.00    0.05    0.05    0.50    0.95    0.60    1.20    2.00  
   18.00    4.00  0.0130  0.0020  0.0550  0.0200  0.0120  0.0060  0.0025  0.0019  
   1.100   0.200  0.0071   4.000   0.750  10.000 660.000   35.00   0.050          
 70 POTA  5  Potato                                                               
   25.00    0.95    4.00    0.15    0.01    0.50    0.95    0.60    0.60    0.60  
   22.00    7.00  0.0246  0.0023  0.0550  0.0200  0.0120  0.0060  0.0025  0.0019  
   0.950   0.200   0.005   4.000   0.750  14.800 660.000   30.00   0.050          
 71 SPOT  4  Sweetpotato                                                          
   15.00    0.60    4.00    0.15    0.01    0.50    0.95    0.60    0.80    2.00  
   24.00   14.00  0.0097  0.0010  0.0450  0.0160  0.0090  0.0045  0.0019  0.0015  
    0.40    0.050 0.0065   4.000   0.750   3.000 660.000   19.00   0.050          
 72 CRRT  5  Carrot                                                               
   30.00    1.12    3.50    0.15    0.01    0.50    0.95    0.60    0.30    1.20  
   24.00    7.00  0.0135  0.0036  0.0550  0.0075  0.0012  0.0060  0.0030  0.0020  
   0.900   0.200  0.0065   4.000   0.750  10.000 660.000   35.00   0.050          
 73 ONIO  5  Onion                                                                
   30.00    1.25    1.50    0.15    0.01    0.50    0.95    0.60    0.50    0.60  
   19.00    7.00  0.0206  0.0032  0.0400  0.0300  0.0020  0.0021  0.0020  0.0019  
   0.950   0.200  0.0065   4.000   0.750  10.000 660.000   35.00   0.050          
 74 SUNF  4  Sunflower                                                            
   46.00    0.30    3.00    0.15    0.01    0.50    0.95    0.62    2.50    2.00  
   25.00    6.00  0.0454  0.0074  0.0500  0.0230  0.0146  0.0063  0.0029  0.0023  
   0.180   0.200  0.0077   4.000   0.750  32.300 660.000   59.00   0.050          
 75 CANP  4  Spring Canola-Polish                                                 
   34.00    0.23    3.50    0.15    0.02    0.45    0.95    0.50    0.90    0.90  
   21.00    5.00  0.0380  0.0079  0.0440  0.0164  0.0128  0.0074  0.0037  0.0023  
    0.01   0.200  0.0065   4.000   0.750  10.000 660.000   39.00   0.050          
 76 CANA  4  Spring Canola-Argentine                                              
   34.00    0.30    4.50    0.15    0.02    0.45    0.95    0.50    1.30    1.40  
   21.00    5.00  0.0380  0.0079  0.0440  0.0164  0.0128  0.0074  0.0037  0.0023  
    0.01    0.20  0.0065   4.000   0.750  10.000 660.000   40.00   0.050          
 77 ASPR  6  Asparagus                                                            
   90.00    0.80    4.20    0.25    0.23    0.40    0.86    1.00    0.50    2.00  
   24.00   10.00  0.0630  0.0067  0.0620  0.0500  0.0400  0.0050  0.0040  0.0020  
   0.950   0.200  0.0065   4.000   0.750   5.000 660.000   95.00   0.050          
 78 BROC  5  Broccoli                                                             
   26.00    0.80    4.20    0.25    0.23    0.40    0.86    1.00    0.50    0.60  
   18.00    4.00  0.0512  0.0071  0.0620  0.0090  0.0070  0.0050  0.0040  0.0030  
   0.950   0.200  0.0065   4.000   0.750   5.000 660.000   30.00   0.050          
 79 CABG  6  Cabbage                                                              
   19.00    0.80    3.00    0.25    0.23    0.40    0.86    1.00    0.50    0.60  
   18.00    1.00  0.0259  0.0031  0.0620  0.0070  0.0040  0.0050  0.0035  0.0020  
   0.950   0.200  0.0065   4.000   0.750   5.000 660.000   25.00   0.050          
 80 CAUF  5  Cauliflower                                                          
   21.00    0.80    2.50    0.25    0.23    0.40    0.86    1.00    0.50    0.60  
   18.00    5.00  0.0411  0.0059  0.0620  0.0070  0.0040  0.0050  0.0035  0.0020  
   0.950   0.200  0.0065   4.000   0.750   5.000 660.000   25.00   0.050          
 81 CELR  6  Celery                                                               
   27.00    0.80    2.50    0.25    0.23    0.40    0.86    1.00    0.50    0.60  
   22.00    4.00  0.0199  0.0049  0.0620  0.0150  0.0100  0.0060  0.0050  0.0030  
   0.950   0.200  0.0065   4.000   0.750   5.000 660.000   30.00   0.050          
 82 LETT  5  Head Lettuce                                                         
   23.00    0.80    4.20    0.25    0.23    0.40    0.86    1.00    0.20    0.60  
   18.00    7.00  0.0393  0.0049  0.0360  0.0250  0.0210  0.0084  0.0032  0.0019  
   0.010   0.010  0.0025   4.000   0.750   8.000 660.000   25.00   0.050          
 83 SPIN  5  Spinach                                                              
   30.00    0.95    4.20    0.10    0.05    0.90    0.95    0.95    0.50    0.60  
   24.00    4.00  0.0543  0.0058  0.0620  0.0400  0.0300  0.0050  0.0040  0.0035  
   0.950   0.200  0.0065   4.000   0.750   5.000 660.000   35.00   0.050          
 84 GRBN  1  Green Beans                                                          
   25.00    0.10    1.50    0.10    0.05    0.80    0.95    0.90    0.60    1.20  
   19.00   10.00  0.0299  0.0039  0.0040  0.0030  0.0015  0.0040  0.0035  0.0015  
   0.100   0.200  0.0077   4.000   0.750   5.000 660.000   34.00   0.050          
 85 CUCM  4  Cucumber                                                             
   30.00    0.27    1.50    0.15    0.05    0.50    0.95    0.60    0.50    1.20  
   32.00   16.00  0.0219  0.0043  0.0663  0.0075  0.0048  0.0053  0.0025  0.0012  
   0.250   0.030  0.0033   4.000   0.750   8.000 660.000   39.00   0.050          
 86 EGGP  4  Eggplant                                                             
   30.00    0.59    3.00    0.15    0.05    0.50    0.95    0.60    0.50    1.20  
   26.00   15.00  0.0218  0.0041  0.0663  0.0255  0.0075  0.0053  0.0020  0.0015  
   0.250   0.030  0.0065   4.000   0.750   8.000 660.000   39.00   0.050          
 87 CANT  4  Cantaloupe                                                           
   30.00    0.50    3.00    0.15    0.05    0.50    0.95    0.60    0.50    1.20  
   35.00   15.00  0.0138  0.0017  0.0663  0.0255  0.0148  0.0053  0.0020  0.0012  
   0.250   0.030  0.0065   4.000   0.750   3.000 660.000   39.00   0.050          
 88 HMEL  4  Honeydew Melon                                                       
   30.00    0.55    4.00    0.15    0.05    0.50    0.95    0.60    0.50    1.20  
   35.00   16.00  0.0071  0.0010  0.0070  0.0040  0.0020  0.0026  0.0020  0.0017  
   0.250   0.030  0.0065   4.000   0.750   3.000 660.000   39.00   0.050          
 89 WMEL  4  Watermelon                                                           
   30.00    0.50    1.50    0.15    0.05    0.50    0.95    0.60    0.50    2.00  
   35.00   18.00  0.0117  0.0011  0.0663  0.0075  0.0048  0.0053  0.0025  0.0012  
   0.250   0.030  0.0065   4.000   0.750   3.000 660.000   39.00   0.050          
 90 PEPR  4  Bell Pepper                                                          
   30.00    0.60    5.00    0.15    0.05    0.50    0.95    0.60    0.50    1.20  
   27.00   18.00  0.0188  0.0030  0.0600  0.0350  0.0250  0.0053  0.0020  0.0012  
   0.250   0.030  0.0053   4.000   0.750   8.000 660.000   39.00   0.050          
 91 STRW  6  Strawberry                                                           
   30.00    0.45    3.00    0.15    0.05    0.50    0.95    0.60    0.50    0.60  
   32.00   10.00  0.0116  0.0023  0.0663  0.0255  0.0148  0.0053  0.0020  0.0012  
   0.250   0.030  0.0065   4.000   0.750   8.000 660.000   39.00   0.050          
 92 TOMA  4  Tomato                                                               
   30.00    0.33    3.00    0.15    0.05    0.50    0.95    0.95    0.50    2.00  
   22.00   10.00  0.0235  0.0048  0.0663  0.0300  0.0250  0.0053  0.0035  0.0025  
   0.150   0.030  0.0077   4.000   0.750   8.000 660.000   39.00   0.050          
 93 APPL  7  Apple                                                                
   15.00    0.10    4.00    0.10    0.15    0.50    0.75    0.99    3.50    2.00  
   20.00    7.00  0.0019  0.0004  0.0060  0.0020  0.0015  0.0007  0.0004  0.0003  
    0.05   0.001  0.0071   4.000   0.750   3.000 660.000   20.00   0.050          
 94 PINE  7  Pine                                                                 
   15.00    0.76    5.00    0.15    0.70    0.25    0.99    0.99   10.00    3.50  
   30.00    0.00  0.0015  0.0003  0.0060  0.0020  0.0015  0.0007  0.0004  0.0003  
   0.600   0.001  0.0019   4.000   0.750   8.000 660.000   16.00   0.050          
 95  OAK  7  Oak                                                                  
   15.00    0.76    5.00    0.05    0.05    0.40    0.95    0.99    6.00    3.50  
   30.00   10.00  0.0015  0.0003  0.0060  0.0020  0.0015  0.0007  0.0004  0.0003  
    0.01   0.001  0.0020   4.000   0.750   8.000 660.000   16.00   0.050          
 96 POPL  7  Poplar                                                               
   30.00    0.76    5.00    0.05    0.05    0.40    0.95    0.99    7.50    3.50  
   30.00   10.00  0.0015  0.0003  0.0060  0.0020  0.0015  0.0007  0.0004  0.0003  
    0.01   0.001  0.0036   4.000   0.750   8.000 660.000   31.00   0.050          
 97 MESQ  7  Honey Mesquite                                                       
   16.10    0.05    1.25    0.05    0.05    0.40    0.95    0.99    6.00    3.50  
   30.00   10.00  0.0015  0.0003  0.0200  0.0100  0.0080  0.0007  0.0004  0.0003  
    0.01   0.001  0.0036   4.000   0.750   8.000 660.000   18.00   0.050          
                                                                                  
