"C1"||"C"||1||0|||10|||10||0|0|0|0|0|0|56|67|79|54|66|78|26|32|40|5|8|12|90|91|93|13|13.1|14|31|31.3|32|25|25.4|26|16|16.3|17|4|4.9|5|0|4|8|||||||2|5|10||||0|0.2|0.5||||1.61|1.68|1.74||||1.63|1.7|1.76|2.65|141|211|280|0.03|0.04|0.06|7.1|10.8|14.6|4.3|7.8|12|0.9|2.8|6.4|21|26|32|0.1|0.3|0.7|0|17|22|0|2|6|0|0|0|".02"|".02"|0|0|0|0|0|0|0|0|0|0|1|2|1.4|3.7|7.4||||1.3|3.6|15.4|6.6|6.9|7.8||||||||||0|0.6|2|||||||||||||||||||||"11254332"|"31980254"
"C2"||"C"||2||10|||86|||76||0|0|0|0|0|0|37|51|56|34|49|54|16|24|28|3|6|8|90|91|93|13|13.1|14|31|31.3|32|25|25.4|26|16|16.3|17|4|4.9|5|0|4|8|||||||2|5|10||||0|0.2|0.5||||1.61|1.68|1.74||||1.63|1.7|1.76|2.65|141|211|280|0.02|0.04|0.05|4.9|8.6|11.2|3|6.2|9.2|0.6|2.2|4.9|15|21|24|0.1|0.2|0.6|0|16|22|0|2|6|0|0|0|".02"|".02"|0|0|0|0|0|0|0|0|0|0|1|2|1.4|3.7|7.4||||1.3|3.6|15.4|6.6|6.8|7.8||||||||||0|0.8|2|||||||||||||||||||||"11254332"|"31980255"
"C3"||"C"||3||86|||152|||66||0|0|0|0|0|0|32|37|56|30|34|54|14|17|28|3|4|8|90|91|93|13|13.1|14|31|31.3|32|25|25.4|26|16|16.3|17|4|4.9|5|0|4|8|||||||2|5|10||||0|0.2|0.5||||1.61|1.68|1.74||||1.63|1.7|1.75|2.65|141|211|280|0.02|0.03|0.04|4.4|6.4|11.2|2.7|4.6|9.2|0.5|1.7|4.9|13|16|24|0|0.2|0.6|0|16|22|0|2|6|0|0|0|".02"|".05"|0|0|0|0|0|0|0|0|0|0|1|2|1.4|3.7|7.4||||1.3|4|15.4|6.6|7.2|7.8||||||||||0|0.1|2|||||||||||||||||||||"11254332"|"31980256"
"C1"||"C"||1||0|||13|||||0|0|0|0|0|0|75|85|95|70|80|90|40|52.5|65|10|12.5|15||84.3|||1.1|||12.2|||26.6|||32.1|||12.3|||9.2||||||||3|6.5|10||||0.5|0.75|1||||1.45|1.53|1.6|||||1.61|||42|92|141|0.05|0.06|0.07||18|||13.2|||4.9|||35||0|1.5|2.9|15|20|25|0|2.5|5|0|0|0|".15"|".15"|0|0|0|0|0|0|0|0|0|0|0|0|5|7.5|10|||||||6.6|7.2|7.8|||||||||||||||||||||||||||||||||"11254156"|"31979584"
"C2"||"C"||2||13|||53|||||0|0|0|0|0|0|75|85|95|70|80|90|40|52.5|65|10|12.5|15||84.3|||1.1|||12.2|||26.6|||32.1|||12.3|||9.2||||||||3|6.5|10||||0.5|0.75|1||||1.45|1.53|1.6|||||1.61|||42|92|141|0.05|0.06|0.07||18|||13.2|||4.9|||35||0|1.5|2.9|15|20|25|0|2.5|5|0|0|0|".17"|".17"|0|0|0|0|0|0|0|0|0|0|0|0|5|7.5|10|||||||6.6|7.2|7.8|||||||||||||||||||||||||||||||||"11254156"|"31979585"
"C3"||"C"||3||53|||117|||||0|0|0|0|0|0|85|92.5|100|80|90|100|40|55|70|15|27.5|40||67.7|||4.9|||13.8|||16.9|||20.3|||11.8|||23.3||||||||3|9|15||||0.5|0.75|1||||1.35|1.43|1.5|||||1.5|||14|28|42|0.07|0.1|0.13|||||15.2|||6.1|||41||0|1.5|2.9|15|20|25|0|2.5|5|0|0|0|".28"|".28"|0|0|0|0|0|0|0|0|0|0|0|0|5|7.5|10|||||||6.6|7.2|7.8|||||||||||||||||||||||||||||||||"11254156"|"31979586"
"2Btb"|2|"B"||||117|||152|||||0|0|0|0|0|0|85|92.5|100|80|90|100|50|60|70|25|32.5|40||67.7|||4.9|||13.8|||16.9|||20.3|||11.8|||23.3||||||||3|9|15||||0|0.25|0.5||||1.35|1.43|1.5|||||1.5|||14|28|42|0.08|0.11|0.13|||||14.4|||5.4|||41||0|1.5|2.9|15|20|25|0|2.5|5|0|0|0|".28"|".28"|0|0|0|0|0|0|0|0|0|0|0|0|5|7.5|10|||||||7.4|7.9|8.4|||||||||||||||||||||||||||||||||"11254156"|"31979587"
"Bt"||"B"||||5|||51|||46||0|0|0|0|0|0|84|91|100|83|91|100|62|70|80|31|36|43||65.9|||4.3|||14.1|||17.5|||19.6|||10.4|||19.1||||||||12|15|18||||0|0.25|0.5||||1.35|1.43|1.5||||1.41|1.49|1.52||14.11|28.23|42.34|0.08|0.11|0.13||||15.2|18.1|20.9|6.5|8.9|11.5|37|41|46|1|1.4|1.9|22|26|29|7|10|12|0|0|1|".28"|".28"|0|0|0|0|0|0|0|0|0|0|1|2|8.9|12.1|14.7|||||||6.6|7.4|7.8||||||||||0.6|1.2|2.2|||||||||||||||||||||"11254324"|"31980224"
"A"||"A"||||0|||5|||5||0|0|0|0|0|0|91|94|100|91|94|100|67|72|79|32|36|41||68.3|||4.5|||14.6|||18.1|||20.3|||10.8|||19.7||||||||10|12|15||||0.25|0.5|1||||1.25|1.33|1.4||||1.3|1.38|1.45||14.11|28.23|42.34|0.08|0.11|0.13||||14.7|16.5|19.3|5.6|7.1|9.6|42|46|50|0.9|1.1|1.6|21|24|28|6|7|9|0|0|0|".17"|".17"|0|0|0|0|0|0|0|0|0|0|1|2|8.4|10.2|12.8|||||||6.1|7.2|7.8||||||||||0.6|1.4|2.7|||||||||||||||||||||"11254324"|"31980225"
"2Btb1"|2|"B"||1||51|||104|||53||0|0|0|0|0|0|76|83|91|76|82|91|60|71|85|33|42|53||54.7|||1.3|||8|||14.5|||19.8|||11.1|||17.3||||||||20|28|35||||0|0.25|0.5||||1.25|1.33|1.4||||1.4|1.48|1.55||1.41|2.82|4.23|0.14|0.17|0.19||||17.8|21.8|25.6|9.6|14.4|19.2|39|42|48|1.8|3.3|4.8|30|38|45|13|19|25|0|3|9|".24"|".24"|0|0|2|0|0|0|0|0|0|0|1|2|14.2|21.3|26.7|||||||7.4|7.6|7.8||||||||||0.8|1.4|1.9|||||||||||||||||||||"11254324"|"31980226"
"2Btb2"|2|"B"||2||104|||152|||48||0|0|0|0|0|0|56|68|83|54|67|82|44|57|74|24|34|45||55.5|||1.5|||9|||15.3|||19.5|||10.2|||14.5||||||||25|30|35||||0|0.25|0.5||||1.25|1.33|1.4||||1.42|1.5|1.57||1.41|2.82|4.23|0.11|0.13|0.15||||16|20|24.2|9.8|13.7|18.1|31|38|45|2|3.2|4.6|34|40|45|17|21|25|0|2|4|".15"|".20"|0|0|2|0|0|0|0|0|0|0|1|2|17.3|22.7|26.7|||||||7.4|7.8|8.4||||||||||0.4|1.3|1.9|||||||||||||||||||||"11254324"|"31980227"
"A"||"A"||||0|||5|||5||0|0|0|0|0|0|91|95|100|91|95|100|68|72|79|33|36|41||68.3|||4.5|||14.6|||18.1|||20.3|||10.8|||19.7||||||||10|12|15||||0.25|0.5|1||||1.35|1.43|1.5||||1.4|1.48|1.5||14.11|28.23|42.34|0.08|0.11|0.13||||15.2|17.1|19.9|6|7.7|10.3|39|42|46|0.9|1.1|1.6|21|24|28|6|7|9|0|0|0|".24"|".24"|0|0|0|0|0|0|0|0|0|0|1|2|8.4|10.2|12.8|||||||7.2|7.4|7.8||||||||||0.6|1.2|1.6|||||||||||||||||||||"11254325"|"31980228"
"Bt2"||"B"||2||15|||61|||46||0|0|0|0|0|0|76|83|98|76|82|98|49|59|73|34|42|53||53.9|||13.1|||12.2|||11.5|||7.6|||9.5|||14.1||||||||25|32|35||||0|0.25|0.5||||1.25|1.33|1.4||||1.43|1.51|1.57||1.41|2.82|4.23|0.14|0.17|0.19||||19.7|23.1|26.6|12.1|16.4|19.9|39|42|50|2.5|3.9|5.1|34|42|46|17|22|25|1|4|9|".20"|".20"|0|0|0|0|0|0|0|0|0|0|1|2|17.3|24|26.7|||||||7.4|7.6|7.8||||||||||1|1.5|1.9|||||||||||||||||||||"11254325"|"31980229"
"Bt3"||"B"||3||61|||92|||31||0|0|0|0|0|0|60|67|74|60|67|74|52|61|69|40|48|54||34.4|||3|||4.3|||5.9|||10.9|||10.3|||32.6||||||||28|33|35||||0|0.25|0.5||||1.25|1.33|1.4||||1.44|1.52|1.56||1.41|2.82|4.23|0.15|0.17|0.19||||22.6|25.8|28|11.7|15|17.1|33|38|43|2.5|3.6|4.3|37|43|45|19|23|25|3|7|10|".17"|".32"|0|0|0|0|0|0|0|0|0|0|1|2|19.2|24.7|26.7|||||||7.4|7.6|7.8||||||||||1|1.6|1.9|||||||||||||||||||||"11254325"|"31980230"
"Bt4"||"B"||4||92|||152|||60||0|0|0|0|0|0|76|82|91|76|82|91|65|75|89|50|58|71||34.4|||3|||4.3|||5.9|||10.9|||10.3|||32.6||||||||28|33|40||||0|0.25|0.5||||1.25|1.33|1.4||||1.44|1.52|1.6||1.41|2.82|4.23|0.17|0.19|0.21||||26.1|29|32.9|13.5|16.9|21.8|39|42|48|2.9|4.1|5.8|37|43|50|19|23|29|5|10|19|".32"|".32"|0|0|10|0|0|0|0|0|0|0|1|2|19.2|24.7|30.2|||||||7.4|7.9|8.4||||||||||0.5|1.3|2.1|||||||||||||||||||||"11254325"|"31980231"
"Bt1"||"B"||1||5|||15|||10||0|0|0|0|0|0|83|91|100|82|91|100|61|70|80|30|36|43||65.9|||4.3|||14.1|||17.5|||19.6|||10.4|||19.1||||||||12|15|18||||0.25|0.5|0.75||||1.25|1.33|1.4||||1.31|1.39|1.41||14.11|28.23|42.34|0.08|0.11|0.13||||15.1|17.8|20.5|6.3|8.6|11|40|45|50|1|1.4|1.9|23|26|30|7|9|12|0|0|1|".28"|".28"|0|0|0|0|0|0|0|0|0|0|1|2|9.9|12.5|14.9|||||||7.2|7.4|7.8||||||||||0.7|1.3|1.7|||||||||||||||||||||"11254325"|"31980232"
"A"||"A"||||0|||5|||5||0|0|0|0|0|0|91|95|100|91|95|100|66|73|82|32|38|45||65.9|||4.3|||14.1|||17.5|||19.6|||10.4|||19.1||||||||10|15|20||||0.25|0.5|1||||1.35|1.43|1.5||||1.42|1.5|1.54||14.11|28.23|42.34|0.08|0.11|0.13||||15.2|18.8|22.3|6|9.4|13.3|39|42|46|0.9|1.5|2.4|21|26|32|6|10|13|0|0|2|".24"|".24"|0|0|0|0|0|0|0|0|0|0|1|2|8.4|12.5|16.6|||||||6.1|6.4|7.8||||||||||0.6|2.3|2.9|||||||||||||||||||||"11254326"|"31980233"
"Bt1"||"B"||1||5|||66|||61||0|0|0|0|0|0|83|91|100|82|91|100|70|83|100|60|72|88||24|||3.3|||3.8|||4.4|||6.7|||5.8|||30||||||||40|46|55||||0|0.25|0.5||||1.25|1.33|1.4||||1.56|1.64|1.77||0.42|0.92|1.41|0.14|0.15|0.16||||27.2|37.7|41.3|19.1|23.5|29.7|40|45|50|4.9|6.9|9.6|49|56|65|29|33|40|14|23|39|".24"|".24"|0|0|0|0|0|0|0|0|0|0|1|2|26.4|33.3|40.2|||||||6.6|6.8|7.8||||||||||1.4|2.8|3.4|||||||||||||||||||||"11254326"|"31980234"
"Bt2"||"B"||2||66|||127|||61||0|0|0|0|0|0|83|91|100|82|91|100|63|76|92|39|50|63||50.2|||5.1|||8|||12.3|||16|||8.8|||7.8||||||||35|42|50||||0|0.25|0.5||||1.25|1.33|1.4||||1.52|1.6|1.71||0.42|0.92|1.41|0.12|0.15|0.17||||25.8|29.5|33.3|16.7|21.5|27|40|45|50|4.1|6.1|8.4|44|52|60|25|30|36|4|10|20|".17"|".17"|0|0|5|0|0|0|0|0|0|0|1|2|23.4|30.7|36.9|||||||6.6|7.2|7.8||||||||||1.2|2.3|3.2|||||||||||||||||||||"11254326"|"31980235"
"Btk"||"B"||||127|||152|||25||0|0|0|0|0|0|83|91|100|82|91|100|63|76|92|39|50|63||50.2|||5.1|||8|||12.3|||16|||8.8|||7.8||||||||35|42|50||||0|0.25|0.5||||1.25|1.33|1.4||||1.52|1.6|1.7||0.42|0.92|1.41|0.12|0.15|0.17||||25.8|29.4|33.2|16.7|21.3|26.8|40|45|50|4.1|6|8.2|44|51|60|25|30|36|4|10|20|".17"|".17"|2|8|13|0|0|0|0|0|0|0|1|2|23.4|29.8|35.9|||||||7.4|7.8|8.4||||||||||0.7|1.6|2.3|||||||||||||||||||||"11254326"|"31980236"
"A"||"A"||||0|||3|||||0|0|0|0|0|0|55|67.5|80|50|62.5|75|35|45|55|20|27.5|35||63.5|||0.3|||4.4|||14.1|||27.6|||17.1|||26.5||||||||5|10|15||||0|0.25|0.5||||1.35|1.43|1.5|||||1.52|||14|28|42|0.08|0.1|0.12|||||12.4|||5.1|||33||0|1.5|2.9|10|17.5|25|0|5|10|0|0|0|".20"|".37"|0|3|5|0|0|0|0|0|0|0|1|2|5|7.5|10|||||||7.4|7.9|8.4|||||||||||||||||||||||||||||||||"11254162"|"31979596"
"Btk1"||"B"||1||3|||8|||||0|0|0|0|0|0|90|95|100|90|95|100|55|62.5|70|25|32.5|40||66.9|||4.7|||13.6|||16.7|||20.1|||11.8|||23.1||||||||5|10|15||||0|0.25|0.5||||1.35|1.43|1.5|||||1.5|||14|28|42|0.08|0.11|0.13|||||15.5|||6.2|||42||0|1.5|2.9|10|17.5|25|0|5|10|0|0|0|".32"|".32"|0|3|5|0|0|0|0|0|0|0|1|2|5|7.5|10|||||||7.4|7.9|8.4|||||||||||||||||||||||||||||||||"11254162"|"31979597"
"Btk2"||"B"||2||8|||25|||||0|0|0|0|0|0|90|95|100|90|95|100|70|80|90|30|40|50||55.1|||1.3|||8.1|||14.6|||20|||11.1|||17.4||||||||20|27.5|35||||0|0.25|0.5||||1.25|1.33|1.4|||||1.52|||1.4|2.7|4|0.14|0.15|0.16|||||23.4|||15.3|||46||3|4.5|5.9|25|32.5|40|15|20|25|0|3|8|".24"|".24"|10|15|20|1|3|4|0|0|0|0|1|2|10|17.5|25|||||||7.4|7.9|8.4|||||||||||||||||||||||||||||||||"11254162"|"31979598"
"Btky1"||"B"||1||25|||61|||||0|0|0|0|0|0|90|95|100|90|95|100|90|95|100|65|72.5|80||35.4|||3.1|||4.4|||6.1|||11.2|||10.6|||33.6||||||||27|31|35||||0|0.25|0.5||||1.25|1.33|1.4|||||1.52|||1.4|2.7|4|0.17|0.19|0.2|||||30.7|||17.2|||46||3|4.5|5.9|30|35|40|10|12.5|15|4|8|12|".32"|".32"|10|15|20|1|3|4|0|0|0|0|1|2|15|22.5|30|||||||7.4|7.9|8.4|||||||||||||||||||||||||||||||||"11254162"|"31979599"
"Btky2"||"B"||2||61|||102|||||0|0|0|0|0|0|55|67.5|80|50|62.5|75|45|55|65|35|40|45||34.2|||3|||4.2|||5.9|||10.8|||10.3|||32.3||||||||27|33.5|40||||0|0.25|0.5||||1.25|1.33|1.4|||||1.58|||1.4|2.7|4|0.12|0.15|0.17|||||24.9|||14.6|||36||3|4.5|5.9|30|35|40|10|15|20|0|2|5|".15"|".32"|15|35|55|1|3|4|0|0|0|0|1|2|15|22.5|30|||||||7.4|7.9|8.4|||||||||||||||||||||||||||||||||"11254162"|"31979600"
"2Btk"|2|"B"||||102|||152|||||0|0|0|0|0|0|55|67.5|80|50|62.5|75|45|55|65|35|40|45||34.2|||3|||4.2|||5.9|||10.8|||10.3|||32.3||||||||27|33.5|40||||0|0.25|0.5||||1.25|1.33|1.4|||||1.58|||1.4|2.7|4|0.12|0.15|0.17|||||24.9|||14.6|||36||3|4.5|5.9|30|35|40|10|15|20|0|2|5|".15"|".32"|15|35|55|1|3|4|0|0|0|0|1|2|15|22.5|30|||||||7.4|7.9|8.4|||||||||||||||||||||||||||||||||"11254162"|"31979601"
"A"||"A"||||0|||3|||||0|0|0|0|3|5|30|37.5|45|25|32.5|40|15|22.5|30|5|10|15||65.9|||4.3|||14.1|||17.5|||19.6|||10.4|||19.1||||||||10|15|20||||0|0.25|0.5||||1.35|1.43|1.5|||||1.57|||14|28|42|0.05|0.07|0.08|||||8.8|||4.3|||20||0|1.5|2.9|20|25|30|5|10|15|0|0|0|".10"|".24"|0|3|5|0|0|0|0|0|0|0|1|2|5|10|15|||||||7.4|7.9|8.4|||||||||||||||||||||||||||||||||"11254163"|"31979602"
"Bt"||"B"||||3|||33|||||0|0|0|0|0|0|90|95|100|90|95|100|80|90|100|70|77.5|85||26.1|||1.7|||2.2|||5|||9.4|||7.8|||28.9||||||||40|45|50||||0|0.25|0.5||||1.15|1.23|1.3|||||1.54|||0.42|0.91|1.4|0.14|0.15|0.16|||||40.3|||22.8|||50||6|7.5|8.9|45|50|55|30|35|40|18|26|34|".24"|".24"|10|15|20|0|0|0|0|0|0|0|1|2|25|32.5|40|||||||7.4|7.9|8.4|||||||||||||||||||||||||||||||||"11254163"|"31979603"
"2Btyc1"|2|"B"||1||33|||64|||||0|0|0|0|0|0|55|67.5|80|50|62.5|75|45|57.5|70|40|52.5|65||26.1|||1.7|||2.2|||5|||9.4|||7.8|||28.9||||||||40|45|50||||0|0.25|0.5||||1.15|1.23|1.3|||||1.62|||0.42|0.91|1.4|0.1|0.12|0.13|||||32.3|||18.3|||40||6|7.5|8.9|45|50|55|30|35|40|6|13|23|".15"|".24"|15|28|40|0|1|2|0|0|0|0|1|2|25|32.5|40|||||||7.4|7.9|8.4|||||||||||||||||||||||||||||||||"11254163"|"31979604"
"2Btyc2"|2|"B"||2||64|||152|||||0|0|0|0|3|5|30|37.5|45|25|32.5|40|20|30|40|15|22.5|30||33.3|||2.9|||4.1|||5.7|||10.5|||10.1|||31.7||||||||30|35|40||||0|0.25|0.5||||1.25|1.33|1.4|||||2.06|||1.4|2.7|4|0.08|0.11|0.13|||||15.7|||9.5|||23||6|7.5|8.9|35|42.5|50|20|27.5|35|0|1|3|".10"|".28"|15|28|40|0|1|2|0|0|0|2|3|4|20|27.5|35|||||||7.4|7.9|8.4|||||||||||||||||||||||||||||||||"11254163"|"31979605"
"C1"||"C"||1||0|||25|||||0|0|0|0|0|0|85|92.5|100|80|90|100|80|87.5|95|65|77.5|90||30.9|||2.6|||3.6|||5.1|||9.7|||9.9|||56.6||||||||5|12.5|20||||0.5|0.75|1||||1.15|1.23|1.3|||||1.29|||4|9|14|0.15|0.18|0.21|||||21.6|||6.7|||48||0|1.5|2.9|15|22.5|30|0|5|10|0|1|8|".55"|".55"|0|3|5|0|0|0|0|7|13|0|0|0|2|8.5|15|||||||6.6|7.2|7.8|||||||||||||||||||||||||||||||||"11254165"|"31979608"
"C2"||"C"||2||25|||81|||||0|0|0|0|0|0|85|92.5|100|80|90|100|65|80|95|45|52.5|60||45.4|||4.5|||6.1|||8.1|||14|||12.7|||41.6||||||||8|13|18||||0|0.25|0.5||||1.25|1.33|1.4|||||1.39|||4|9|14|0.13|0.16|0.18|||||21.8|||6.8|||45||0|1.5|2.9|20|22.5|25|5|7.5|10|0|1|3|".43"|".43"|0|3|5|0|1|2|0|7|13|0|0|0|4|7|10|||||||6.6|7.2|7.8|||||||||||||||||||||||||||||||||"11254165"|"31979609"
"C3"||"C"||3||81|||152|||||0|0|0|0|0|0|85|92.5|100|80|90|100|60|70|80|35|42.5|50||68.5|||0.3|||4.7|||15.2|||29.8|||18.5|||21.5||||||||5|10|15||||0|0.25|0.5||||1.35|1.43|1.5|||||1.5|||14|28|42|0.08|0.12|0.15|||||15.5|||6.4|||41||0|1.5|2.9|15|20|25|0|2.5|5|0|0|0|".32"|".32"|0|3|5|0|2|3|0|7|13|0|0|0|2|8.5|15|||||||6.6|7.2|7.8|||||||||||||||||||||||||||||||||"11254165"|"31979610"
"C2"||"C"||2||20|||76|||||0|0|0|0|0|0|85|92.5|100|80|90|100|65|80|95|45|52.5|60||46|||4.6|||6.2|||8.2|||14.1|||12.9|||44||||||||5|10|15||||0.5|0.75|1||||1.25|1.33|1.4|||||1.39|||14|28|42|0.13|0.16|0.18|||||20.7|||5.9|||45||0|1.5|2.9|15|20|25|0|2.5|5|0|0|0|".43"|".43"|0|2|5|0|0|0|0|6.5|13|0|0|0|2|8.5|15|||||||6.6|7.2|7.8|||||||||||||||||||||||||||||||||"11254166"|"31979611"
"C1"||"C"||1||0|||20|||||0|0|0|0|0|0|85|92.5|100|80|90|100|60|70|80|35|42.5|50||63.5|||0.3|||4.4|||14.1|||27.6|||17.1|||26.5||||||||5|10|15||||0.5|0.75|1||||1.35|1.43|1.5|||||1.5|||14|28|42|0.08|0.12|0.15|||||16.2|||7|||41||0|1.5|2.9|15|20|25|0|2.5|5|0|0|0|".32"|".32"|0|2|5|0|0|0|0|6.5|13|0|0|0|2|8.5|15|||||||6.6|7.2|7.8|||||||||||||||||||||||||||||||||"11254166"|"31979612"
"C3"||"C"||3||76|||152|||||0|0|0|0|0|0|85|92.5|100|80|90|100|60|70|80|35|42.5|50||68.5|||0.3|||4.7|||15.2|||29.8|||18.5|||21.5||||||||5|10|15||||0|0.25|0.5||||1.35|1.43|1.5|||||1.5|||14|28|42|0.08|0.12|0.15|||||15.5|||6.4|||41||0|1.5|2.9|15|20|25|0|2.5|5|0|0|0|".32"|".32"|0|2|5|0|1|3|0|6.5|13|0|0|0|2|8.5|15|||||||6.6|7.2|7.8|||||||||||||||||||||||||||||||||"11254166"|"31979613"
"A"||"A"||||0|||5|||||0|0|0|0|5|10|45|50|55|40|45|50|35|42.5|50|25|32.5|40||45.3|||4.5|||6.1|||8.1|||13.9|||12.7|||43.2||||||||5|11.5|18||||1|2|3||||1.25|1.33|1.4|||||1.43|||14|28|42|0.07|0.09|0.11|||||14.7|||5.2|||28||0|1.5|2.9|20|22.5|25|0|2.5|5|0|0|0|".20"|".49"|3|9|15|0|0|0|0|0|0|0|1|2|4|12|20|||||||7.4|7.9|8.4|||||||||||||||||||||||||||||||||"11254169"|"31979623"
"Bk1"||"B"||1||5|||23|||||0|0|0|10|15|20|65|72.5|80|60|67.5|75|40|52.5|65|25|32.5|40||67.5|||0.3|||4.7|||15|||29.3|||18.2|||21||||||||5|11.5|18||||1|2|3||||1.35|1.43|1.5|||||1.52|||14|28|42|0.08|0.1|0.12|||||14.1|||7.2|||31||0|1.5|2.9|20|22.5|25|0|2.5|5|0|0|0|".17"|".37"|15|28|40|0|0|0|0|0|0|0|1|2|4|12|20|||||||7.4|7.9|8.4|||||||||||||||||||||||||||||||||"11254169"|"31979624"
"Bk2"||"B"||2||23|||41|||||0|0|0|10|15|20|65|72.5|80|60|67.5|75|50|60|70|35|45|55||45.3|||4.5|||6.1|||8.1|||13.9|||12.7|||43.2||||||||5|11.5|18||||1|2|3||||1.25|1.33|1.4|||||1.41|||14|28|42|0.1|0.12|0.14|||||17.8|||6.3|||34||0|1.5|2.9|20|22.5|25|0|2.5|5|0|0|0|".24"|".49"|15|28|40|0|0|0|0|0|0|0|1|2|4|12|20|||||||7.4|7.9|8.4|||||||||||||||||||||||||||||||||"11254169"|"31979625"
"Bkm"||"B"||||41|||152||||||||||||||||||||||||||||||||||||||||||||||||||||||||||||||||||||||||0|0.21|0.42|0|0|0|||||||||||||||||||||||||||||||||||||||||||||||||||||||||||||||||||||||||||||||||||"11254169"|"31979626"
"A"||"A"||||0|||25|||||0|0|0|0|0|0|55|67.5|80|50|62.5|75|35|45|55|20|30|40||68.5|||0.3|||4.7|||15.2|||29.8|||18.5|||21.5||||||||5|10|15||||1|2|3||||1.35|1.43|1.5|||||1.52|||14|28|42|0.08|0.1|0.12|||||14.2|||6.9|||32||0|1.5|2.9|10|15|20|0|5|10|0|0|0|".15"|".28"|0|0|0|0|0|0|0|0|0|0|0|0|2|6|10|||||||6.6|7.2|7.8|||||||||||||||||||||||||||||||||"11254180"|"31979668"
"C1"||"C"||1||25|||56|||||0|0|0|65|68|70|60|62.5|65|55|57.5|60|20|22.5|25|0|2.5|5||90.7|||13.1|||31.2|||25.3|||16.3|||4.8|||3.8||||||||3|5.5|8||||1|1.5|2||||1.45|1.53|1.6|||||1.79|||141|423|705|0.01|0.02|0.03||4.5|||3.5|||1.6|||11||0|1.5|2.9|10|12.5|15|0|2.5|5|0|0|0|".02"|".05"|0|0|0|0|0|0|0|0|0|0|0|0|2|5|8|||||||6.6|7.2|7.8|||||||||||||||||||||||||||||||||"11254180"|"31979669"
"C2"||"C"||2||56|||152|||||0|0|0|75|78|80|70|72.5|75|65|67.5|70|25|30|35|0|2.5|5||90.7|||13.1|||31.2|||25.3|||16.3|||4.8|||3.8||||||||3|5.5|8||||0|0.5|1||||1.45|1.53|1.6|||||1.85|||141|423|705|0.01|0.02|0.03||3.4|||2.5|||1|||||0|1.5|2.9|10|12.5|15|0|2.5|5|0|0|0|".02"|".05"|0|0|0|0|0|0|0|0|0|0|0|0|2|5|8|||||||6.6|7.2|7.8|||||||||||||||||||||||||||||||||"11254180"|"31979670"
"C1"||"C"||1||0|||25|||||0|0|0|55|58|60|55|57.5|60|50|52.5|55|20|22.5|25|0|2.5|5||91.1|||13.2|||31.4|||25.4|||16.3|||4.8|||3.9||||||||2|5|8||||1|1.5|2||||1.45|1.53|1.6|||||1.75|||141|423|705|0.01|0.02|0.03||5.2|||4|||1.7|||13||0|1.5|2.9|5|7.5|10|0|2.5|5|0|0|0|".02"|".02"|0|0|0|0|0|0|0|0|0|0|0|0|0|2.5|5|||||||7.4|7.6|7.8|||||||||||||||||||||||||||||||||"11254181"|"31979671"
"C2"||"C"||2||25|||64|||||0|0|0|70|73|75|50|52.5|55|45|47.5|50|20|22.5|25|0|2.5|5||91.1|||13.2|||31.4|||25.4|||16.3|||4.8|||3.9||||||||2|5|8||||0|0.25|0.5||||1.45|1.53|1.6|||||1.89|||141|423|705|0.01|0.02|0.03||2.8|||2|||0.7|||||0|1.5|2.9|5|7.5|10|0|2.5|5|0|0|0|".02"|".05"|0|0|0|0|0|0|0|0|0|0|0|0|0|2.5|5|||||||7.4|7.6|7.8|||||||||||||||||||||||||||||||||"11254181"|"31979672"
"C3"||"C"||3||64|||152|||||0|0|0|80|83|85|35|37.5|40|30|32.5|35|15|17.5|20|0|2.5|5||91.1|||13.2|||31.4|||25.4|||16.3|||4.8|||3.9||||||||2|5|8||||0|0.25|0.5||||1.45|1.53|1.6|||||1.56|||141|423|705|0.01|0.02|0.03||1.3|||0.9|||0.3|||||0|1.5|2.9|5|7.5|10|0|2.5|5|0|0|0|".02"|".05"|0|0|0|0|0|0|0|0|0|0|0|0|0|2.5|5|||||||7.4|7.6|7.8|||||||||||||||||||||||||||||||||"11254181"|"31979673"
"A"||"A"||||0|||8|||||0|0|0|0|0|0|90|95|100|85|92.5|100|60|72.5|85|35|42.5|50||63.5|||0.3|||4.4|||14.1|||27.6|||17.1|||26.5||||||||5|10|15||||0|0.5|1||||1.35|1.43|1.5|||||1.5|||14|28|42|0.08|0.12|0.15|||||16.1|||6.8|||42||0|1.5|2.9|20|22.5|25|0|2.5|5|0|0|0|".37"|".37"|0|0|0|0|0|0|0|0|0|0|0|0|2|6.5|11|||||||7.4|7.9|8.4|||||||||||||||||||||||||||||||||"11254192"|"31979706"
"Bt"||"B"||||8|||53|||||0|0|0|0|5|10|40|47.5|55|35|42.5|50|25|35|45|15|22.5|30||55.8|||1.3|||8.2|||14.8|||20.2|||11.3|||17.7||||||||18|26.5|35||||0|0.25|0.5||||1.25|1.33|1.4|||||1.67|||1.4|2.7|4|0.06|0.08|0.1|||||13.6|||8.7|||27||3|4.5|5.9|25|32.5|40|5|10|15|0|0|0|".10"|".24"|0|3|5|0|0|0|0|0|0|0|0|0|7|14.5|22|||||||7.4|7.9|8.4|||||||||||||||||||||||||||||||||"11254192"|"31979707"
"Btc"||"B"||||53|||107|||||0|0|0|0|0|0|40|47.5|55|35|42.5|50|25|35|45|15|22.5|30||55.8|||1.3|||8.2|||14.8|||20.2|||11.3|||17.7||||||||18|26.5|35||||0|0.25|0.5||||1.25|1.33|1.4|||||1.65|||1.4|2.7|4|0.06|0.08|0.1|||||14.1|||9|||28||3|4.5|5.9|25|32.5|40|5|10|15|0|0|0|".10"|".24"|0|3|5|0|1|2|0|0|0|0|1|2|7|14.5|22|||||||7.4|7.9|8.4|||||||||||||||||||||||||||||||||"11254192"|"31979708"
"Bkc"||"B"||||107|||152|||||0|0|0|5|10|15|15|22.5|30|10|17.5|25|5|10|15|5|7.5|10||66.9|||4.7|||13.6|||16.7|||20.1|||11.8|||23.1||||||||5|10|15||||0|0.25|0.5||||1.35|1.43|1.5|||||1.69|||14|28|42|0.03|0.04|0.05|||||4.1|||1.6|||11||0|1.5|2.9|20|22.5|25|0|2.5|5|0|0|0|".02"|".28"|15|28|40|0|1|2|0|0|0|0|1|2|2|6|10|||||||7.4|7.9|8.4|||||||||||||||||||||||||||||||||"11254192"|"31979709"
"A"||"A"||||0|||8|||||0|0|0|0|0|0|85|92.5|100|80|87.5|95|55|67.5|80|30|40|50||62.5|||0.3|||4.3|||13.9|||27.2|||16.8|||26||||||||5|11.5|18||||0|0.5|1||||1.35|1.43|1.5|||||1.5|||14|28|42|0.08|0.12|0.15|||||16.5|||7.5|||40||0|1.5|2.9|20|22.5|25|0|2.5|5|0|0|0|".32"|".32"|3|9|14|0|1|1|0|0|0|0|1|2|2|6.5|11|||||||7.4|7.9|8.4|||||||||||||||||||||||||||||||||"11254193"|"31979710"
"Bk"||"B"||||8|||23|||||0|0|0|0|0|0|85|92.5|100|80|87.5|95|50|60|70|25|32.5|40||65.7|||4.3|||13.3|||16.5|||19.9|||11.7|||22.8||||||||5|11.5|18||||0|0.25|0.5||||1.35|1.43|1.5|||||1.5|||14|28|42|0.08|0.11|0.13|||||15.7|||6.7|||40||0|1.5|2.9|20|22.5|25|0|2.5|5|0|0|0|".28"|".28"|15|28|40|0|3|5|0|0|0|0|1|2|2|6|10|||||||7.4|7.9|8.4|||||||||||||||||||||||||||||||||"11254193"|"31979711"
"Bkc"||"B"||||23|||41|||||0|0|0|0|0|0|35|42.5|50|30|37.5|45|20|25|30|10|15|20||65.7|||4.3|||13.3|||16.5|||19.9|||11.7|||22.8||||||||5|11.5|18||||0|0.25|0.5||||1.35|1.43|1.5|||||1.56|||14|28|42|0.05|0.07|0.08|||||8.9|||3.8|||23||0|1.5|2.9|20|22.5|25|0|2.5|5|0|0|0|".10"|".28"|15|28|40|0|3|5|0|0|0|0|1|2|2|6|10|||||||7.4|7.9|8.4|||||||||||||||||||||||||||||||||"11254193"|"31979712"
"Bky"||"B"||||41|||86|||||0|0|0|0|0|0|15|22.5|30|10|17.5|25|5|10|15|3|6.5|10||65.7|||4.3|||13.3|||16.5|||19.9|||11.7|||22.8||||||||5|11.5|18||||0|0.25|0.5||||1.35|1.43|1.5|||||1.67|||14|28|42|0.03|0.04|0.05|||||4.8|||2|||12||0|1.5|2.9|20|22.5|25|0|2.5|5|0|0|0|".05"|".28"|15|28|40|0|3|5|0|0|0|0|1|2|2|6|10|||||||7.4|7.9|8.4|||||||||||||||||||||||||||||||||"11254193"|"31979713"
"B'kyc"||"B"|"'"|||86|||142|||||0|0|0|0|0|0|35|42.5|50|30|37.5|45|20|25|30|10|15|20||65.7|||4.3|||13.3|||16.5|||19.9|||11.7|||22.8||||||||5|11.5|18||||0|0.25|0.5||||1.35|1.43|1.5|||||1.56|||14|28|42|0.05|0.07|0.08|||||8.9|||3.8|||23||0|1.5|2.9|20|22.5|25|0|2.5|5|0|0|0|".10"|".28"|15|28|40|0|3|5|0|0|0|0|1|2|2|6|10|||||||7.4|7.9|8.4|||||||||||||||||||||||||||||||||"11254193"|"31979714"
"B'ky"||"B"|"'"|||142|||152|||||0|0|0|0|0|0|20|27.5|35|15|22.5|30|10|15|20|5|7|10||65.7|||4.3|||13.3|||16.5|||19.9|||11.7|||22.8||||||||5|11.5|18||||0|0.25|0.5||||1.35|1.43|1.5|||||1.62|||14|28|42|0.05|0.07|0.08|||||5.9|||2.5|||15||0|1.5|2.9|20|22.5|25|0|2.5|5|0|0|0|".05"|".28"|15|28|40|0|3|5|0|0|0|0|1|2|2|6|10|||||||7.4|7.9|8.4|||||||||||||||||||||||||||||||||"11254193"|"31979715"
"Bt1"||"B"||1||10|||51|||||0|0|0|0|0|0|85|87.5|90|75|82.5|90|60|70|80|30|40|50||55.1|||1.3|||8.1|||14.6|||20|||11.1|||17.4||||||||20|27.5|35||||0|0.25|0.5||||1.25|1.33|1.4|||||1.54|||1.4|2.7|4|0.14|0.17|0.19|||||21.7|||14.1|||43||3|4.5|5.9|30|35|40|5|10|15|0|0|4|".24"|".24"|0|0|0|0|0|0|0|0|0|0|0|0|10|17.5|25|||||||5.6|6.5|7.3|||||||||||||||||||||||||||||||||"11254194"|"31979716"
"A"||"A"||||0|||10|||||0|0|0|0|0|0|85|87.5|90|75|82.5|90|40|50|60|20|27.5|35||65.9|||4.3|||14.1|||17.5|||19.6|||10.4|||19.1||||||||10|15|20||||0.5|0.75|1||||1.35|1.43|1.5|||||1.5|||14|28|42|0.08|0.11|0.13|||||17.6|||9|||39||0|1.5|2.9|15|22.5|30|0|5|10|0|0|0|".28"|".28"|0|0|0|0|0|0|0|0|0|0|0|0|5|10|15|||||||5.6|6.5|7.3|||||||||||||||||||||||||||||||||"11254194"|"31979717"
"Bt2"||"B"||2||51|||99|||||0|0|0|0|3|5|55|67.5|80|50|62.5|75|45|55|65|35|42.5|50||35.4|||3.1|||4.4|||6.1|||11.2|||10.6|||33.6||||||||27|31|35||||0|0.25|0.5||||1.25|1.33|1.4|||||1.58|||1.4|2.7|4|0.12|0.15|0.17|||||23.7|||13.3|||36||3|4.5|5.9|30|35|40|10|12.5|15|0|2|4|".15"|".32"|0|0|0|0|0|0|0|0|0|0|0|0|15|22.5|30|||||||6.6|7.2|7.8|||||||||||||||||||||||||||||||||"11254194"|"31979718"
"Bt3"||"B"||3||99|||152|||||0|0|0|50|53|55|65|67.5|70|60|62.5|65|50|52.5|55|25|30|35||55.1|||1.3|||8.1|||14.6|||20|||11.1|||17.4||||||||20|27.5|35||||0|0.25|0.5||||1.25|1.33|1.4|||||1.77|||1.4|2.7|4|0.06|0.08|0.1|||||10.9|||7.1|||21||3|4.5|5.9|30|35|40|5|10|15|0|0|1|".10"|".24"|0|0|0|0|0|0|0|0|0|0|0|0|10|17.5|25|||||||6.6|7.2|7.8|||||||||||||||||||||||||||||||||"11254194"|"31979719"
"A"||"A"||||0|||10|||||0|0|0|0|0|0|80|85|90|75|82.5|90|40|50|60|20|27.5|35||66.6|||4.6|||13.5|||16.6|||20|||11.9|||23.4||||||||5|10|15||||1|2|3||||1.35|1.43|1.5|||||1.5|||14|28|42|0.08|0.11|0.13|||||16.6|||7.8|||38||0|1.5|2.9|20|22.5|25|0|2.5|5|0|0|0|".24"|".24"|0|0|0|0|0|0|0|0|0|0|0|0|0|5|10|||||||6.1|6.5|7.3|||||||||||||||||||||||||||||||||"11254195"|"31979720"
"C1"||"C"||1||10|||48|||||0|0|0|0|0|0|80|85|90|75|82.5|90|40|50|60|20|27.5|35||66.9|||4.7|||13.6|||16.7|||20.1|||11.8|||23.1||||||||5|10|15||||1|2|3||||1.35|1.43|1.5|||||1.5|||14|28|42|0.08|0.11|0.13|||||16.6|||7.8|||38||0|1.5|2.9|20|22.5|25|0|2.5|5|0|0|0|".24"|".24"|0|0|0|0|0|0|0|0|0|0|0|0|0|5|10|||||||6.1|6.5|7.3|||||||||||||||||||||||||||||||||"11254195"|"31979721"
"C2"||"C"||2||48|||117|||||0|0|0|0|0|0|75|82.5|90|70|80|90|30|42.5|55|15|22.5|30||67.8|||17.6|||16.2|||13|||13.2|||7.8|||22.2||||||||5|10|15||||0.3|1.15|2||||1.35|1.43|1.5|||||1.5|||14|28|42|0.07|0.1|0.13|||||15.6|||7.1|||38||0|1.5|2.9|20|22.5|25|0|2.5|5|0|0|0|".24"|".24"|0|0|0|0|0|0|0|0|0|0|0|0|0|5|10|||||||6.6|7.2|7.3|||||||||||||||||||||||||||||||||"11254195"|"31979722"
"2Bb"|2|"B"||||117|||152|||||0|0|0|0|0|0|85|87.5|90|70|80|90|60|70|80|30|40|50||55.1|||1.3|||8.1|||14.6|||20|||11.1|||17.4||||||||20|27.5|35||||0.3|0.65|1||||1.25|1.33|1.4|||||1.4|||1.4|2.7|4|0.14|0.17|0.19|||||21.6|||14.3|||42||0|1.5|2.9|30|35|40|5|10|15|0|0|4|".24"|".24"|0|0|0|0|0|0|0|0|0|0|0|0|10|17.5|25|||||||6.6|7.2|7.3|||||||||||||||||||||||||||||||||"11254195"|"31979723"
"A"||"A"||||0|||3|||||0|0|0|0|0|0|95|97.5|100|90|95|100|60|72.5|85|35|45|55||66.1|||0.1|||3.1|||15|||31.7|||16.2|||19.9||||||||10|14|18||||0.5|1.25|2||||1.35|1.43|1.5|||||1.5|||14|28|42|0.08|0.12|0.15|||||19.7|||10.4|||42||0|1.5|2.9|20|22.5|25|0|2.5|5|0|0|0|".37"|".37"|0|3|5|0|1|2|0|0|0|0|1|2|5|10.5|16|||||||7.4|7.9|8.4|||||||||||||||||||||||||||||||||"11254095"|"31979367"
"Bt"||"B"||||3|||20|||||0|0|0|0|0|0|90|95|100|85|92.5|100|50|60|70|25|32.5|40||66.8|||4.4|||14.3|||17.7|||19.8|||10.6|||19.2||||||||10|14|18||||0.5|0.75|1||||1.35|1.43|1.5|||||1.5|||14|28|42|0.08|0.11|0.13|||||18.3|||9|||42||0|1.5|2.9|20|22.5|25|0|2.5|5|0|0|0|".32"|".32"|0|5|10|0|3|5|0|0|0|0|1|2|5|9.5|14|||||||7.4|7.9|8.4|||||||||||||||||||||||||||||||||"11254095"|"31979368"
"Btky"||"B"||||20|||36|||||0|0|0|0|5|10|80|87.5|95|75|82.5|90|60|70|80|25|37.5|50||57|||1.3|||8.4|||15.1|||20.7|||11.5|||18||||||||20|25|30||||0|0.25|0.5||||1.25|1.33|1.4|||||1.55|||1.4|2.7|4|0.14|0.17|0.19|||||20.2|||12.5|||41||3|4.5|5.9|30|32.5|35|5|7.5|10|0|0|2|".32"|".32"|0|5|10|0|3|5|0|0|0|0|1|2|8|13.5|19|||||||7.4|7.9|8.4|||||||||||||||||||||||||||||||||"11254095"|"31979369"
"Bkym"||"B"||||36|||61||||||||||||||||||||||||||||||||||||||||||||||||||||||||||||||||||||||||0|0.21|0.42|0|0.01|0.02|||||||||||||||||||||||||||||||||||||||||||||||||||||||||||||||||||||||||||||||||||"11254095"|"31979370"
"Bky"||"B"||||61|||152|||||0|0|0|0|5|10|80|87.5|95|75|82.5|90|45|52.5|60|20|27.5|35||66.8|||4.4|||14.3|||17.7|||19.8|||10.6|||19.2||||||||10|14|18||||0|0.25|0.5||||1.35|1.43|1.5|||||1.51|||14|28|42|0.08|0.11|0.13|||||16.1|||7.6|||38||0|1.5|2.9|20|22.5|25|0|2.5|5|0|0|0|".24"|".24"|40|55|70|5|10|15|0|0|0|0|1|2|4|8|12|||||||7.4|7.9|8.4|||||||||||||||||||||||||||||||||"11254095"|"31979371"
"A"||"A"||||0|||3|||3||0|0|0|0|4|7|53|55|57|39|46|52|28|36|43|13|18|23||67|||5|||13.5|||16.6|||20|||11.9|||23||||||||5|10|15||||1|1.5|2|||||1.46||||||1.51|1.54|2.61|14|28|42|0.05|0.07|0.08|||||10.6|13.1|2.3|4.9|7.9||25||0.2|0.6|1|18|24|29|2|6|9|0|0|0|".10"|".28"|0|0|0|0|0|0|0|0|0|0|0|0|4.8|9|13.2||||4.5|8.9|14.7|6.6|7.2|7.8||||||||||0.7|1.6|2.6|||||||||||||||||||||"11254333"|"31980257"
"Bt1"||"B"||1||3|||25|||22||0|0|0|0|2|4|54|58|58|39|49|51|34|45|49|27|36|40||33|||2.6|||4.1|||5.7|||10.5|||10.1|||32||||||||30|35|40||||0.5|1.25|2|||||1.41||||||1.63|1.69|2.58|1.4|2.7|4|0.08|0.11|0.13|||||21.7|24.9|9.7|14.1|17.2||27||2.2|3.2|4|40|46|52|21|25|28|1|3|5|".10"|".32"|0|0|0|0|0|0|0|0|0|0|0|0|23.3|27.7|31.8||||22.7|27.6|33.3|6.6|7.2|7.8||||||||||1.4|2.4|3.4|||||||||||||||||||||"11254333"|"31980258"
"Bt2"||"B"||2||25|||69|||44||0|0|0|0|4|8|49|51|53|37|43|49|31|40|49|26|35|44||22|||2.9|||3.5|||4.1|||6.2|||5.3|||28||||||||40|50|60||||0|0.5|1|||||1.3||||||1.63|1.79|2.57|0.42|0.91|1.4|0.06|0.08|0.1|||||24.1|28.3|10.8|15.8|21.5||28||2.9|4.6|6.6|48|58|69|28|36|44|1|5|12|".10"|".24"|0|0|0|0|0|0|0|0|0|0|0|0|26.4|36.9|44.6||||25.8|36.1|46.1|6.6|7.2|7.8||||||||||1.4|2.6|3.7|||||||||||||||||||||"11254333"|"31980259"
"Bt3"||"B"||3||69|||152|||83||0|0|0|32|36|41|30|36|40|27|33|38|22|31|38|19|27|35||22|||2.9|||3.5|||4.1|||6.2|||5.3|||28||||||||40|50|60||||0|0.25|0.5|||||1.32||||||1.64|1.8|2.57|0.42|0.91|1.4|0.03|0.05|0.06|||||14.2|17.4|5.8|9.3|13.3||16||1.5|2.6|3.8|47|56|66|28|36|43|0|3|6|".05"|".24"|0|0|0|0|0|0|0|0|0|0|0|0|26.4|35.9|43.5||||25.8|35.3|45|6.6|7.2|7.8||||||||||1.4|2.5|3.5|||||||||||||||||||||"11254333"|"31980260"
"A"||"A"||||0|||3|||3||0|0|0|0|0|0|87|92|96|70|82|91|51|63|75|24|33|41||67|||5|||13.5|||16.6|||20|||11.9|||23||||||||5|10|15||||0.5|1.25|2|||||1.48||||||1.53|1.56|2.62|14|28|42|0.08|0.11|0.13|||||15.8|18.5|3.1|7.1|11.5||37||0.4|0.9|1.5|17|23|30|2|6|9|0|0|0|".32"|".32"|0|0|0|0|0|0|0|0|0|0|0|0|4.6|9|13.2||||4.1|8.8|13.1|6.1|6.7|7.3||||||||||1|2|3|||||||||||||||||||||"11254334"|"31980261"
"Bt1"||"B"||1||3|||30|||27||0|0|0|0|4|8|68|71|74|52|62|70|46|56|65|36|44|51||34.7|||3|||4.3|||6|||11|||10.4|||32.8||||||||30|32.5|35||||0.5|1.25|2|||||1.4||||||1.6|1.65|2.58|1.4|2.7|4|0.12|0.15|0.17|||||24.5|29.9|11.6|15.2|18.7||32||2.8|3.4|4.2|40|44|48|21|23|25|2|5|9|".15"|".28"|0|0|0|0|0|0|0|0|0|0|0|0|23.3|25.9|28.2||||22.4|25.5|28|6.1|6.7|7.3||||||||||1.9|2.8|3.7|||||||||||||||||||||"11254334"|"31980262"
"Bt2"||"B"||2||30|||127|||97||0|0|0|20|25|30|67|71|75|50|61|68|44|55|63|34|43|50||34.7|||3|||4.3|||6|||11|||10.4|||32.8||||||||30|32.5|35||||0|0.5|1|||||1.52||||||1.73|1.79|2.6|1.4|2.7|4|0.08|0.11|0.13|||||20.1|25.1|9.3|12.7|16||23||2|2.6|3.3|38|42|46|21|23|25|2|5|8|".10"|".32"|0|3|5|0|0|0|0|0|0|0|0|0|20.4|25|27.5||||19.2|53.1|60.8|6.1|6.7|7.3||||||||||1.6|2.5|3.4|||||||||||||||||||||"11254334"|"31980263"
"Bk"||"B"||||127|||152|||25||0|0|0|0|4|7|56|60|61|42|51|54|24|32|35|13|18|20||70.5|||18.4|||16.8|||13.5|||13.7|||8.1|||23||||||||3|6.5|10||||0|0.25|0.5|||||1.58||||||1.61|1.63|2.64|14|28|42|0.05|0.07|0.08|||||8.8|10.5|1.1|3.1|5.2||24||0.1|0.4|0.6|0|18|22|0|3|6|0|0|0|".10"|".24"|5|8|10|0|1|2|0|0|0|0|1|2|2.6|5.7|8.6||||35.9|91.2|96|6.6|7.2|8.4||||||||||0|1.1|1.9|||||||||||||||||||||"11254334"|"31980264"
"A"||"A"||||0|||3|||3||0|0|0|0|0|0|91|95|100|77|86|100|55|68|85|27|36|48||65.3|||4.3|||13.2|||16.4|||19.8|||11.6|||23.2||||||||5|11.5|18||||1|1.5|2|||||1.45||||||1.5|1.54|2.61|14|28|42|0.08|0.11|0.13|||||17.2|20.7|3.8|8.3|13.6||39||0.4|1.1|1.9|18|25|32|2|7|12|0|0|2|".32"|".32"|0|0|0|0|0|0|0|0|0|0|0|0|4.8|10.2|15.5||||4.3|9.9|15.3|6.1|6.7|7.3||||||||||1.2|2.2|3.2|||||||||||||||||||||"11254335"|"31980265"
"Bt1"||"B"||1||3|||13|||10||0|0|0|0|0|0|95|96|100|85|91|100|59|70|84|35|45|57||55.1|||7.3|||13.2|||10.4|||16.7|||7.5|||17.4||||||||20|27.5|35||||0.5|1.25|2|||||1.44||||||1.61|1.69|2.59|1.4|2.7|4|0.14|0.17|0.19|||||24.4|28.3|11.6|17.3|23.6||40||2.1|3.6|5.3|31|40|49|13|19|25|0|4|11|".24"|".24"|0|0|0|0|0|0|0|0|0|0|0|0|16.2|22.3|28.2||||15.2|22.1|28|6.1|6.7|7.3||||||||||1.5|2.7|3.7|||||||||||||||||||||"11254335"|"31980266"
"Bt2"||"B"||2||13|||89|||76||0|0|0|0|0|0|94|96|100|83|90|100|70|83|99|60|72|87||23.3|||3.8|||3.9|||3.1|||7|||5.5|||29.2||||||||40|47.5|55||||0|0.5|1|||||1.29||||||1.62|1.73|2.57|0.42|0.91|1.4|0.14|0.15|0.16|||||38.6|42.1|19.1|24.1|29.8||45||4.9|7.4|9.8|49|58|67|29|34|40|14|24|39|".24"|".24"|0|0|0|0|0|0|0|0|0|0|0|0|26.4|35.2|41.3||||25.6|34.2|40.3|6.1|6.7|7.3||||||||||1.9|3|4.1|||||||||||||||||||||"11254335"|"31980267"
"Bt3"||"B"||3||89|||152|||63||0|0|0|0|6|12|26|30|33|23|27|31|19|25|30|17|22|27||23.3|||3.8|||3.9|||3.1|||7|||5.5|||29.2||||||||40|47.5|55||||0|0.25|0.5|||||1.37||||||1.68|1.81|2.57|1.4|2.7|4|0.03|0.05|0.06|||||15.5|18.8|7.1|10.2|14||18||1.8|2.8|3.9|47|54|62|28|34|40|0|1|3|".05"|".20"|0|5|10|0|1|2|0|0|0|0|1|2|26.4|34.3|40.2||||25.8|119.8|127.6|6.6|7.5|8.4||||||||||0.8|2.1|3.4|||||||||||||||||||||"11254335"|"31980268"
